102974840
103411890
109791334
11476051K
11619130K
118846125
11956168K
119562589
119736250
121259826
121340925
12167792K
122260887
123868900
125033245
125395511
12586760K
126064527
126065612
126836325
128697144
130550282
131104812
132172021
136665278
137652528
138238555
139144619
139159071
141374931
145386969
151209505
154309586
155721154
157043285
159620743
161490830
161764175
162476785
164059421
164240894
16484336K
165263987
166623014
166673062
167881858
168210124
170697189
170808940
173795955
174202192
174642893
176958367
17922030K
181878339
184477793
18950540K
191418476
191649974
192786231
91318628
97479992
